1.805727968577407472e-01 2.263608284684482524e-02 2.119513417043920184e-02
-6.773026544128184050e-03 3.043060991286727912e-01 1.319079179070456811e-02
-1.691905879834175175e-01 1.914729692366192171e-01 7.425735412920828060e-02
-1.035771868974771637e-01 1.292254218543757160e-01 5.784204503292670468e-02
-3.578627413716485572e-02 2.117017937643721759e-01 1.973479008673953688e-03
-4.657469708545446119e-02 2.142231255066620876e-01 -4.890867059670885551e-03
-8.723542558797471591e-02 -6.571732136588008533e-02 5.793098981741733738e-02
-1.040317839386266791e-01 1.290870667260937410e-01 5.791882080969434909e-02
3.452117281568458512e-02 7.184964543309549367e-02 5.540971499588644156e-02
-1.029140963351361238e-01 1.292269667521992738e-01 5.777663845206548743e-02
-9.153844620952980571e-02 -6.567953712302226910e-02 5.813536062048724889e-02
-1.073395379538934213e-01 1.217318079072382681e-01 5.875347926479045774e-02
-7.167943814393060165e-02 2.937326968802031826e-02 5.767598334061517507e-02
-7.576336656487936416e-02 2.488206681348568150e-01 5.140018715787061238e-02
5.018966198198568374e-02 2.947008720025132145e-01 3.626761292272034226e-02
8.497834037021066711e-02 -1.397283788577816654e-01 9.210207479787303753e-02
-7.885760400273655879e-02 2.427712412804842179e-01 6.240361975007907569e-02
-5.446302662491932928e-03 2.981307686820698910e-01 4.370244879022244094e-02
2.103065361814657752e-01 -1.004490717866760030e-02 5.027992276852932818e-02
-8.762766088170093060e-02 1.936399888034598671e-01 1.096852529826295303e-01
-9.583196890801980172e-02 1.079529737006854062e-01 5.624641165233689594e-02
-7.536435941473282329e-02 1.817076511888759960e-01 7.552777602260354883e-02
-1.037622828352609966e-01 1.290869846006129917e-01 5.795685638364887066e-02
9.362886092323978449e-02 -1.553715531545532269e-01 2.000951430316771917e-01
-1.035949927201759158e-01 1.292915585182606297e-01 5.786627551654346946e-02
-1.041349329290892078e-01 1.289934317371336792e-01 5.793944432859274990e-02
-9.140163678182049167e-02 -6.580797524720151392e-02 5.813986812630587281e-02
3.314968539488381827e-02 2.907430988411263684e-01 3.860466450370814151e-02
-1.238042794576352384e-01 1.198518361351681299e-01 5.813152970435130767e-02
-1.037394566005760271e-01 1.291901366658641526e-01 5.788822153376920604e-02
-1.040971132517289899e-01 1.289597951238028173e-01 5.790735576605935547e-02
