-1.677746346820567851e+02 -8.211501298362414047e+01 3.410848324561982281e+02
-1.346134156011139851e+02 -4.908197844330889126e+01 3.948372999927375986e+02
-1.163930216003983986e+01 -6.252125511322401508e+01 3.906097424681572647e+02
-6.069163837187622335e+01 -4.705715913423949814e+01 3.913742581529356812e+02
-3.229219728205163875e+01 -5.727360643382615990e+01 3.737889728691970959e+02
-3.539356549396729434e+01 -6.026103880591143991e+01 3.778147754089173986e+02
-5.400289120695644129e+01 -4.815450016238980169e+01 3.660123759762690270e+02
-6.066252775282777066e+01 -4.705589746445880195e+01 3.914165871099364722e+02
-1.645273143667587306e+02 -5.117261494523494747e+01 3.679487345274102950e+02
-6.074097831718692220e+01 -4.706911537113379040e+01 3.912116746988846216e+02
-5.424646952443581682e+01 -4.822068785870369112e+01 3.675256347004865347e+02
-5.598071847206307439e+01 -4.782397007008060541e+01 3.743467625578020943e+02
-5.854281168615707287e+01 -4.860585433585458759e+01 3.578658306825602722e+02
-2.212944370083766188e+01 -4.570188913541211662e+01 3.833562794198552410e+02
-1.677858200033032858e+02 -4.970524463734383147e+01 3.884917690480857573e+02
-1.518149557500393030e+02 -6.308778842524633035e+01 3.426516808663674851e+02
-3.885634102799863854e+01 -4.727270106225258672e+01 3.897479903473699778e+02
-1.440804739972152220e+02 -4.951397060724033139e+01 3.965436461580765695e+02
-1.326031504058976225e+02 -8.772995281142237900e+01 3.266816689066043864e+02
-1.136759966141218037e+01 -9.732091577946879113e+01 3.836974734354962493e+02
-4.972514180865955780e+01 -4.717661963146183268e+01 3.802945043334946718e+02
-9.897860856011909902e+00 -7.480417014593527369e+01 3.776031704719802065e+02
-6.065626972456509236e+01 -4.706242659113026860e+01 3.913944830332727634e+02
-1.138083072494545718e+02 -1.217569859738296856e+02 3.419651737838083250e+02
-6.068826500574200367e+01 -4.705933070388652339e+01 3.913870912305861225e+02
-6.066852823197314848e+01 -4.705453582947166780e+01 3.914108522537644603e+02
-5.425190809826927563e+01 -4.817192619732719550e+01 3.673872968452532177e+02
-1.587036489151460614e+02 -4.959797302585901235e+01 3.910129499714957433e+02
-5.022333587031527458e+01 -4.213348676705795270e+01 4.261601472589723016e+02
-6.067265680381725446e+01 -4.705453287277089913e+01 3.913960294539939468e+02
-6.067070501247334846e+01 -4.705562639498401012e+01 3.914085050637669951e+02
